1. pre1 round=150
400 0.931034482759
900 0.986737400531
1400 0.989389920424
1900 0.989389920424
2400 0.992042440318
2900 0.992042440318
3400 0.994694960212
3900 0.994694960212

2. pre2 round=60
400 0.859416445623
900 0.928381962865
1400 0.936339522546
1900 0.949602122016
2400 0.954907161804
2900 0.968169761273
3400 0.968169761273
3900 0.968169761273

3.pre3 round=100
400 0.692307692308
900 0.758620689655
1400 0.769230769231
1900 0.790450928382
2400 0.803713527851
2900 0.806366047745
3400 0.819628647215
3900 0.83023872679

4.no pre round=100
400 0.103448275862
900 0.164456233422
1400 0.214854111406
1900 0.267904509284
2400 0.315649867374
2900 0.355437665782
3400 0.395225464191
3900 0.419098143236

5. pre
 
*贷款期数（月）
 *剩余期数（月）
否发生过逾期
存续期内累计逾期次数(次）
存续期内最高逾期次数（次） 
历史累计逾期次数（次）
历史累计逾期天数（天）
基准日逾期天数（天）
信用等级
历史最大连续逾期期数
